Species_name	#G_tot	#G_0A	#G_1A	#G_2A	#G_>2A	#A_tot	#Chr	#Contig	P(Adj)	c0(0,0)	c0(1,0/0,1)	c0(1,1)	c1(0,0)	c1(1,0/0,1)	c1(1,1)	Base_log
Anopheles_gambiae	9863	0	12	9851	0	9857	5	6	0.0166667	0.0167202	0.00821591	0.00407314	0.656286	0.824267	0.992249	61.95
Anopheles_arabiensis	9742	120	234	9388	0	10546	5	237	0.00207395	0.00133784	0.000667528	0.000333417	0.769586	0.880904	0.992222	506.1
Anopheles_quadriannulatus	9725	198	564	8963	0	9245	5	480	0.00103297	0.000597981	0.000298681	0.000149263	0.792751	0.892858	0.992966	1016.4
Anopheles_melas	11345	4745	4792	1808	0	14435	5	7141	6.9979e-05	2.91132e-05	1.45556e-05	7.27752e-06	0.850762	0.922844	0.994926	15004.5
Anopheles_merus	9745	246	1430	8069	0	12011	5	961	0.000518124	0.000272475	0.000136167	6.80658e-05	0.811525	0.90256	0.993595	2026.5
Anopheles_christyi	8456	2861	3468	2127	0	5251	5	4595	0.000108719	4.74056e-05	2.37002e-05	1.18495e-05	0.843597	0.91914	0.994683	9657.9
Anopheles_epiroticus	9495	248	1354	7893	0	9372	5	925	0.000538201	0.000284465	0.000142156	7.10589e-05	0.810579	0.902071	0.993563	1950.9
Anopheles_stephensi	9640	75	766	8799	0	9182	5	458	0.00108215	0.00063075	0.000315033	0.000157431	0.79135	0.892135	0.99292	970.2
Anopheles_maculatus	9553	7799	1602	152	0	2138	5	8600	5.81125e-05	2.37175e-05	1.18581e-05	5.92886e-06	0.853592	0.924307	0.995022	18068.4
Anopheles_culicifacies	10364	2577	4038	3749	0	10446	5	4596	0.000108696	4.73941e-05	2.36945e-05	1.18466e-05	0.8436	0.919142	0.994683	9660
Anopheles_minimus	9420	48	108	9264	0	9396	5	102	0.00470782	0.00351703	0.00175016	0.000873009	0.734867	0.8631	0.991333	222.6
Anopheles_funestus	9655	83	902	8670	0	9658	5	534	0.000929303	0.000529765	0.000264636	0.000132256	0.795867	0.894468	0.99307	1129.8
Anopheles_dirus	9513	106	214	9193	0	9624	5	213	0.00230313	0.00151184	0.000754169	0.000376649	0.765652	0.878877	0.992102	455.7
Anopheles_farauti	9545	41	580	8924	0	9214	5	331	0.00149226	0.000913191	0.000455912	0.000227786	0.781134	0.88686	0.992586	703.5
Anopheles_atroparvus	9547	195	238	9114	0	9916	5	314	0.00157201	0.000969848	0.000484159	0.000241889	0.779384	0.885957	0.99253	667.8
Anopheles_sinensis	10015	1252	3002	5761	0	15665	5	2753	0.000181356	8.37605e-05	4.18727e-05	2.09344e-05	0.83436	0.914364	0.994369	5789.7
Anopheles_albimanus	8712	9	80	8623	0	8743	5	49	0.00935374	0.00809232	0.00400759	0.00199433	0.697268	0.844363	0.991458	111.3
Anopheles_darlingi	8250	764	2254	5232	0	6359	5	1891	0.000263851	0.000127394	6.36804e-05	3.1836e-05	0.826868	0.910491	0.994114	3979.5
