@SPECIES

TOT	35	18	17
+GENE	35	18	17
-GENE	0	0	0




@GENES

TOT	358982	172585	186397

AV	10256.6	9588.06	10964.5
MIN	8250	8250	9830
MAX	11747	11345	11747

+ADJ	348927	168294	180633
-ADJ	10055	4291	5764



@ADJACENCIES

TOT	356022	161475	194547

EXT	#0	9863	9857	Anopheles_gambiae
EXT	#1	9742	9551	Anopheles_arabiensis
EXT	#3	9725	9454	Anopheles_quadriannulatus
EXT	#5	11345	9275	Anopheles_melas
EXT	#6	9745	9188	Anopheles_merus
EXT	#9	8456	7218	Anopheles_christyi
EXT	#11	9495	9180	Anopheles_epiroticus
EXT	#13	9640	9277	Anopheles_stephensi
EXT	#14	9553	7345	Anopheles_maculatus
EXT	#16	10364	9588	Anopheles_culicifacies
EXT	#17	9420	9332	Anopheles_minimus
EXT	#19	9655	9439	Anopheles_funestus
EXT	#23	9513	9361	Anopheles_dirus
EXT	#24	9545	9390	Anopheles_farauti
EXT	#27	9547	9263	Anopheles_atroparvus
EXT	#28	10015	9007	Anopheles_sinensis
EXT	#31	8712	8663	Anopheles_albimanus
EXT	#32	8250	7087	Anopheles_darlingi
ANC	#2	10937	11633
ANC	#4	11153	12020
ANC	#7	10678	10478
ANC	#8	11677	12799
ANC	#10	11583	12628
ANC	#12	11610	12815
ANC	#15	10774	10796
ANC	#18	10813	11358
ANC	#20	11048	11884
ANC	#21	11443	12480
ANC	#22	11747	13136
ANC	#25	10591	11408
ANC	#26	11379	12569
ANC	#29	10319	10068
ANC	#30	10945	11181
ANC	#33	9870	8874
ANC	#34	9830	8420

AV	10172.1	8970.83	11443.9
MIN	7087	7087	8420
MAX	13136	9857	13136

AV	1.98351	1.87125	2.08745
MIN	0	0	0
MAX	6	5	6

-ADJ	10055	4291	5764
ADJ=1	30669	16112	14557
ADJ=2	278637	149848	128789
ADJ>2	39621	2334	37287

EXT	0	4291
EXT	1	16112
EXT	2	149848
EXT	3	2196
EXT	4	136
EXT	5	2
ANC	0	5764
ANC	1	14557
ANC	2	128789
ANC	3	32621
ANC	4	4258
ANC	5	384
ANC	6	24

EXT	#0	0	12	9851
EXT	#1	98	190	9450	4
EXT	#3	132	287	9297	9
EXT	#5	769	3131	6937	487	21
EXT	#6	121	877	8742	5
EXT	#9	407	1961	5799	279	10
EXT	#11	124	420	8916	33	1	1
EXT	#13	63	601	8975	1
EXT	#14	1258	2758	4758	701	77	1
EXT	#16	282	1528	8038	492	24
EXT	#17	47	82	9291
EXT	#19	52	339	9253	11
EXT	#23	87	138	9281	6	1
EXT	#24	23	266	9254	2
EXT	#27	175	219	9152	1
EXT	#28	328	1505	8039	141	2
EXT	#31	9	80	8623
EXT	#32	316	1718	6192	24
ANC	#2:	235	394	8252	1866	180	10
ANC	#4:	269	447	8010	2152	258	17
ANC	#7:	286	1154	7998	1158	78	4
ANC	#8:	360	629	7591	2644	411	41	1
ANC	#10:	387	675	7513	2530	428	47	3
ANC	#12:	386	590	7470	2620	486	52	6
ANC	#15:	325	1016	7886	1394	143	10
ANC	#18:	225	550	8114	1770	142	12
ANC	#20:	265	483	7904	2125	253	18
ANC	#21:	366	537	7676	2430	392	39	3
ANC	#22:	410	554	7352	2803	545	73	10
ANC	#25:	151	517	7676	2047	194	6
ANC	#26:	332	602	7320	2648	434	42	1
ANC	#29:	265	1116	7843	1047	47	1
ANC	#30:	422	1095	7242	1972	203	11
ANC	#33:	450	1881	6783	723	33
ANC	#34:	630	2317	6159	692	31	1



@ADJACENCIES_CLASSES

2	3060
3	1574
4	1452
5	1086
6	953
7	828
8	822
9	803
10	797
11	846
12	808
13	796
14	782
15	838
16	786
17	719
18	242
19	31
20	9
21	1
22	2
28	1



@ADJACENCIES_TREES

TOT	19308

Adjacencies_classes_size
AV	1.12021
MIN	0
MAX	6

0	325
1	14846
2	1779
3	248
4	31
5	6
6	1

Adjacencies_trees_size
AV	21.6971
MIN	1
MAX	45

1	2779
3	1155
4	89
5	407
6	46
7	89
8	14
9	870
10	250
11	217
12	39
13	261
14	68
15	194
16	59
17	256
18	78
19	450
20	176
21	505
22	143
23	597
24	263
25	575
26	192
27	733
28	364
29	616
30	220
31	999
32	518
33	944
34	456
35	2326
36	1284
37	631
38	255
39	92
40	52
41	23
42	14
43	4
44	4
45	1

Extant_adjacencies_trees_size
AV	11.09
MIN	1
MAX	22

1	2779
2	1264
3	446
4	92
5	1179
6	206
7	342
8	246
9	345
10	654
11	659
12	929
13	746
14	1196
15	773
16	1680
17	1391
18	4244
19	127
20	4
21	4
22	2



@EVOLUTION_EVENTS

CREA	4070 ; (nb_arbres_adj_tot - nb_classes= 2072)
BREAK	11167
GDUP	15736 (compté par DeCo) ; 6163 (ds les arbres réconciliés) 6163 (pour les compter par espèces)
ADUP	270
