5	10055|3	10155|2
5	1009|13	1183|22
5	10191|7	10557|7
5	1023|16	5477|14
5	1023|16	9867|8
0	10282|4	10282|21
17	1033|5	5690|23
5	1041|16	1041|19
0	10566|2	10566|11
16	1065|10	1218|23
5	1072|24	3845|7
0	11110|2	11415|2
5	1118|7	10450|2
22	1134|32	8932|29
5	1136|7	1136|52
5	1136|52	4718|7
8	1141|18	4460|28
8	1141|18	7259|25
0	11503|4	11503|9
5	1150|16	2884|23
5	115|10	3015|22
5	115|10	6295|8
5	1183|22	4294|7
5	1187|10	2075|10
22	11|39	76|37
5	1253|21	5296|7
5	126|29	1187|10
5	129|16	7841|10
6	131|13	8691|7
31	1367|34	8319|2
5	1406|17	6142|10
16	1420|6	9037|15
17	1449|21	4913|11
22	1467|52	3891|28
5	1491|11	8786|7
16	1536|4	4238|17
31	1540|31	2360|33
13	1561|55	11255|20
5	1561|12	1561|44
5	1611|8	1832|7
5	162|22	838|12
3	1630|14	6567|17
5	1637|19	9603|11
22	171|36	1448|36
16	1724|23	9762|18
1	1730|2	2012|2
5	1743|28	1832|7
5	1755|11	5975|9
5	1850|8	9182|7
5	1884|14	4039|3
5	188|10	5661|21
8	1890|24	4552|18
5	1893|11	8781|11
5	1893|11	8786|7
5	189|16	3524|10
5	189|16	7831|7
5	1901|13	10879|11
5	1901|13	7416|13
5	190|7	1755|11
28	1923|35	7385|31
5	1930|14	5380|8
0	1943|9	9787|2
31	1965|2	4755|36
3	1965|27	4755|5
5	1989|70	6151|16
5	2026|7	4534|7
5	2035|7	2035|44
5	2035|44	6668|10
5	2045|22	5413|8
5	2085|8	8850|11
5	222|14	10017|7
28	2281|32	7877|30
5	2287|7	3630|16
5	2304|7	6295|8
5	2321|19	9001|7
5	2340|7	5747|7
5	236|13	6702|3
13	2432|15	5631|21
8	2441|24	3651|17
5	2504|19	8277|11
5	2511|7	2560|7
19	2514|20	8690|13
5	2521|11	3423|8
5	2554|7	4633|7
19	2569|5	4383|8
27	2573|29	5745|33
13	2583|2	7210|18
5	25|16	7150|2
19	2601|24	5657|8
19	2601|24	9339|18
0	2642|2	5675|5
5	2669|17	4288|8
19	2679|18	7934|20
5	2686|10	9958|2
5	2699|8	8007|7
8	2791|24	6219|19
5	2884|23	6502|7
5	2936|7	5528|8
13	2944|15	8554|18
13	2944|15	9598|15
8	2952|53	6778|21
8	2952|53	7554|21
5	3004|10	7662|7
5	3006|9	5426|10
16	3029|23	7404|2
13	3035|15	9598|15
13	3037|21	8032|20
17	3046|25	3358|18
13	3067|22	7965|23
13	3091|19	3317|33
4	3133|27	7064|12
5	3167|15	5636|7
5	3203|17	6072|10
5	320|17	8334|7
0	3264|2	3264|41
5	3279|19	7276|8
5	3309|7	5381|2
5	3330|20	7111|11
5	3356|10	4543|13
19	3362|24	5046|44
19	3362|24	5425|18
0	3394|2	3394|48
22	3443|46	5250|49
22	3443|45	5250|48
27	3464|62	3464|65
0	3534|2	5675|5
5	3540|8	9240|10
5	3630|16	7925|7
5	3640|10	7972|7
5	3679|2	3995|8
13	3694|29	8994|18
5	3701|8	4235|2
0	3813|24	3813|27
5	3823|7	7327|13
5	3858|7	7857|7
28	3869|30	10868|2
5	3950|16	4954|10
16	3954|15	10418|15
5	3962|22	4331|7
5	401|7	3616|7
13	4035|11	6360|23
5	4039|3	6195|11
32	4058|2	7250|2
5	4067|11	10465|11
6	4069|2	8171|16
5	4107|7	7505|7
5	4118|7	8453|7
13	4121|8	6360|23
12	420|23	1943|26
14	4456|18	11116|16
19	4465|10	8527|18
13	4518|46	4518|91
13	4518|46	5310|15
13	4518|91	6552|15
0	4530|2	4844|14
5	4531|10	4702|8
5	4543|13	9867|8
31	4755|36	8319|2
5	4777|8	5373|8
5	4782|11	5542|7
5	4822|9	8170|10
5	4823|7	5324|7
5	4841|7	5943|8
8	484|23	8006|14
11	4861|4	4861|7
5	4960|7	5943|8
5	5001|11	10879|11
5	502|17	2075|10
5	5052|8	5182|7
5	5052|8	7951|7
5	50|19	50|24
5	5193|7	8507|5
5	5214|16	5969|11
27	5214|31	7555|32
19	5254|21	5892|21
5	5342|10	10449|7
5	5342|10	5611|16
0	5364|2	8148|2
5	5370|7	10055|3
5	5435|9	10071|7
5	5479|7	7369|7
5	5517|8	8439|10
5	5611|16	7802|7
5	5642|11	8139|7
5	5757|8	6825|8
5	5785|16	8015|7
22	583|34	1368|36
5	5911|2	5911|42
8	592|22	5519|22
5	6008|10	8362|5
23	600|11	600|17
23	600|4	600|7
17	601|9	5812|27
28	6073|30	6073|33
13	6084|15	11255|20
5	611|14	5978|11
0	6155|2	8709|2
4	615|10	1966|25
13	6282|15	7779|18
13	6282|15	9614|18
0	6319|37	6604|15
28	6323|33	11242|2
0	6365|2	8977|2
5	6369|5	6681|7
6	6417|7	9801|7
19	641|31	8038|21
13	643|18	9102|23
5	6448|7	9878|7
11	6521|16	7393|25
5	6550|5	10715|10
13	6552|15	8372|16
5	6564|2	6702|3
5	6564|2	7114|11
1	6591|2	10275|5
5	662|13	10440|7
13	662|24	10440|17
0	6665|2	7126|2
5	6729|8	8334|7
0	6783|23	6783|37
6	6814|12	9757|11
5	684|20	4205|7
5	684|20	6077|7
0	6853|5	11312|11
0	6964|5	10304|2
31	7090|33	9103|33
5	7114|11	7172|11
5	7171|7	8350|7
5	7182|7	9006|16
26	71|40	614|34
5	7235|7	8905|10
19	7271|84	11471|5
0	7271|20	7271|31
0	7271|24	7271|47
0	7397|11	10160|2
0	743|43	6673|2
5	751|23	2258|10
13	7593|21	8115|9
5	759|8	5182|7
5	7625|19	9751|7
19	7631|28	10248|21
0	7647|15	11472|13
0	7647|15	11482|5
5	765|8	2778|23
5	770|8	6176|7
5	7802|7	8781|11
13	7809|19	9065|18
5	780|7	7925|7
5	7851|7	9366|8
0	8035|11	8447|2
5	8139|7	8940|2
0	813|4	813|15
0	813|2	813|9
19	813|41	9230|17
5	8217|10	8724|10
5	8277|11	8453|7
0	8379|41	8540|5
5	8379|48	8540|12
5	8407|10	8733|7
5	8456|11	9794|10
19	8529|2	9865|10
5	853|8	8369|7
5	8864|7	9242|7
5	886|8	8312|10
6	9247|11	11482|13
28	9513|17	10194|29
5	9541|7	10703|2
5	95|25	2750|7
5	976|34	1142|10
5	976|34	4773|18
13	9952|15	10440|17
